48.8333,345.1667,-3.0000,5.0000
48.0000,376.6522,-3.0000,4.0000
48.0000,441.6111,-3.0000,2.0000
48.3077,506.0769,-3.0000,0.0000
48.6667,538.7500,-3.0000,-1.0000
47.7500,571.2500,-3.0000,-2.0000
47.6364,603.3939,-3.0000,-3.0000
48.5000,636.5000,-3.0000,-4.0000
49.0000,700.2727,-3.0000,-6.0000
48.3158,733.0526,-3.0000,-7.0000
47.8462,765.0769,-3.0000,-8.0000
48.3684,797.2632,-3.0000,-9.0000
48.8966,829.4138,-3.0000,-10.0000
70.1250,344.1250,-2.0000,5.0000
69.5238,376.1429,-2.0000,4.0000
70.1111,408.3333,-2.0000,3.0000
69.9231,442.3077,-2.0000,2.0000
70.0000,474.7143,-2.0000,1.0000
69.6000,505.8000,-2.0000,0.0000
70.1667,539.0000,-2.0000,-1.0000
69.4688,605.3125,-2.0000,-3.0000
68.8000,636.5000,-2.0000,-4.0000
69.1538,669.0000,-2.0000,-5.0000
69.0000,702.4545,-2.0000,-6.0000
69.3333,735.3333,-2.0000,-7.0000
69.3600,767.7200,-2.0000,-8.0000
69.0769,799.6923,-2.0000,-9.0000
68.6111,832.8889,-2.0000,-10.0000
90.9286,146.5000,-1.0000,11.0000
90.8750,178.3750,-1.0000,10.0000
91.3333,212.4444,-1.0000,9.0000
90.0667,244.6000,-1.0000,8.0000
90.9412,277.3529,-1.0000,7.0000
90.8125,310.3125,-1.0000,6.0000
90.4000,342.9333,-1.0000,5.0000
90.5000,376.0000,-1.0000,4.0000
89.8889,408.6667,-1.0000,3.0000
90.2308,441.0769,-1.0000,2.0000
90.1538,474.0000,-1.0000,1.0000
90.7059,506.7647,-1.0000,0.0000
90.4762,540.3333,-1.0000,-1.0000
90.8889,572.6667,-1.0000,-2.0000
90.3750,605.6250,-1.0000,-3.0000
90.8462,637.5385,-1.0000,-4.0000
91.0000,671.0000,-1.0000,-5.0000
90.1667,704.5000,-1.0000,-6.0000
89.9231,736.5385,-1.0000,-7.0000
90.4667,770.1333,-1.0000,-8.0000
90.3889,802.9444,-1.0000,-9.0000
134.1875,74.8125,1.0000,13.0000
134.7143,108.0000,1.0000,12.0000
134.4444,141.7778,1.0000,11.0000
134.2727,175.2727,1.0000,10.0000
134.1250,207.5000,1.0000,9.0000
133.8000,241.5000,1.0000,8.0000
134.0000,275.0000,1.0000,7.0000
133.9286,307.8571,1.0000,6.0000
133.8333,341.7500,1.0000,5.0000
133.9333,374.6667,1.0000,4.0000
133.5000,408.0000,1.0000,3.0000
133.5000,441.5000,1.0000,2.0000
134.0000,474.6250,1.0000,1.0000
135.6977,510.9302,1.0000,0.0000
134.0000,541.6333,1.0000,-1.0000
133.8929,574.4286,1.0000,-2.0000
134.3529,607.5882,1.0000,-3.0000
133.8500,641.3000,1.0000,-4.0000
133.6364,674.5000,1.0000,-5.0000
133.4400,707.8800,1.0000,-6.0000
132.9310,740.8621,1.0000,-7.0000
133.3913,774.3043,1.0000,-8.0000
133.5882,807.7059,1.0000,-9.0000
133.4400,841.0800,1.0000,-10.0000
133.0952,873.8095,1.0000,-11.0000
133.1429,906.7143,1.0000,-12.0000
157.0000,72.7143,2.0000,13.0000
156.2857,139.7857,2.0000,11.0000
156.1818,172.8182,2.0000,10.0000
156.1667,205.1667,2.0000,9.0000
155.9091,239.6364,2.0000,8.0000
155.7857,273.5000,2.0000,7.0000
155.4211,307.5789,2.0000,6.0000
156.0000,340.6923,2.0000,5.0000
156.3500,374.3000,2.0000,4.0000
155.5000,407.7273,2.0000,3.0000
156.0769,441.6154,2.0000,2.0000
155.5789,474.4211,2.0000,1.0000
155.6786,508.5000,2.0000,0.0000
155.5909,541.7727,2.0000,-1.0000
155.4118,575.7059,2.0000,-2.0000
155.3636,609.5000,2.0000,-3.0000
155.3462,642.8846,2.0000,-4.0000
155.7667,676.0000,2.0000,-5.0000
155.5000,709.7000,2.0000,-6.0000
155.8800,743.1600,2.0000,-7.0000
155.4118,777.1176,2.0000,-8.0000
155.1071,810.3214,2.0000,-9.0000
155.4091,843.7727,2.0000,-10.0000
155.4545,877.9091,2.0000,-11.0000
154.6364,910.5000,2.0000,-12.0000
154.8000,943.7000,2.0000,-13.0000
178.6111,69.7222,3.0000,13.0000
178.5714,103.3810,3.0000,12.0000
178.8462,137.0000,3.0000,11.0000
178.4286,170.9048,3.0000,10.0000
178.3333,204.5000,3.0000,9.0000
178.3750,238.3125,3.0000,8.0000
178.2917,271.7917,3.0000,7.0000
178.1304,306.1739,3.0000,6.0000
177.8889,339.9444,3.0000,5.0000
177.8462,373.5000,3.0000,4.0000
178.0000,407.5000,3.0000,3.0000
177.9130,441.4348,3.0000,2.0000
177.8929,475.3214,3.0000,1.0000
178.0000,508.8621,3.0000,0.0000
178.0690,542.4138,3.0000,-1.0000
177.8462,576.4615,3.0000,-2.0000
178.0870,610.3043,3.0000,-3.0000
178.0370,644.0370,3.0000,-4.0000
178.1154,678.3462,3.0000,-5.0000
177.6786,711.6786,3.0000,-6.0000
177.5833,745.2500,3.0000,-7.0000
177.5556,779.4074,3.0000,-8.0000
177.5000,813.0000,3.0000,-9.0000
177.4583,846.7500,3.0000,-10.0000
177.3636,880.6818,3.0000,-11.0000
176.9565,914.1739,3.0000,-12.0000
176.9444,947.8333,3.0000,-13.0000
200.7778,101.2222,4.0000,12.0000
200.6842,135.1579,4.0000,11.0000
200.7222,169.6667,4.0000,10.0000
200.7391,202.5217,4.0000,9.0000
200.7647,236.5882,4.0000,8.0000
199.9333,305.3333,4.0000,6.0000
200.5652,339.0870,4.0000,5.0000
200.6923,372.9615,4.0000,4.0000
200.1786,407.1071,4.0000,3.0000
200.3333,441.3704,4.0000,2.0000
200.5000,475.0000,4.0000,1.0000
200.4348,509.6087,4.0000,0.0000
200.4062,543.3438,4.0000,-1.0000
200.4595,577.4054,4.0000,-2.0000
200.4545,611.3939,4.0000,-3.0000
200.2667,645.6000,4.0000,-4.0000
200.2188,679.4688,4.0000,-5.0000
200.0625,713.9062,4.0000,-6.0000
199.3871,747.1290,4.0000,-7.0000
199.6667,781.9167,4.0000,-8.0000
199.8519,849.5926,4.0000,-10.0000
199.7500,883.6667,4.0000,-11.0000
199.5294,916.6471,4.0000,-12.0000
199.2174,951.3913,4.0000,-13.0000
